# l C_l_BB_QMG C_l_BB_LCDM suppression_factor
2 1.205e-08 1.205e-08 1.000
12 5.020e-08 5.020e-08 1.000
22 8.098e-08 8.098e-08 1.000
32 1.086e-07 1.086e-07 1.000
42 1.340e-07 1.340e-07 1.000
52 1.580e-07 1.580e-07 1.000
62 1.806e-07 1.806e-07 1.000
72 2.022e-07 2.022e-07 1.000
82 2.229e-07 2.229e-07 1.000
92 2.428e-07 2.428e-07 1.000
102 2.619e-07 2.619e-07 1.000
112 2.803e-07 2.804e-07 1.000
122 2.982e-07 2.983e-07 1.000
132 3.154e-07 3.155e-07 1.000
142 3.321e-07 3.323e-07 0.999
152 3.483e-07 3.486e-07 0.999
162 3.640e-07 3.644e-07 0.999
172 3.792e-07 3.797e-07 0.999
182 3.939e-07 3.946e-07 0.998
192 4.081e-07 4.091e-07 0.998
202 4.219e-07 4.233e-07 0.997
212 4.352e-07 4.370e-07 0.996
222 4.481e-07 4.504e-07 0.995
232 4.604e-07 4.635e-07 0.993
242 4.723e-07 4.762e-07 0.992
252 4.838e-07 4.886e-07 0.990
262 4.947e-07 5.007e-07 0.988
272 5.052e-07 5.125e-07 0.986
282 5.152e-07 5.241e-07 0.983
292 5.247e-07 5.353e-07 0.980
302 5.338e-07 5.463e-07 0.977
312 5.424e-07 5.569e-07 0.974
322 5.506e-07 5.674e-07 0.970
332 5.583e-07 5.776e-07 0.967
342 5.656e-07 5.875e-07 0.963
352 5.726e-07 5.972e-07 0.959
362 5.792e-07 6.067e-07 0.955
372 5.854e-07 6.160e-07 0.950
382 5.914e-07 6.250e-07 0.946
392 5.971e-07 6.338e-07 0.942
402 6.026e-07 6.424e-07 0.938
412 6.078e-07 6.508e-07 0.934
422 6.129e-07 6.590e-07 0.930
432 6.178e-07 6.670e-07 0.926
442 6.226e-07 6.748e-07 0.923
452 6.273e-07 6.824e-07 0.919
462 6.319e-07 6.899e-07 0.916
472 6.364e-07 6.971e-07 0.913
482 6.409e-07 7.042e-07 0.910
492 6.453e-07 7.111e-07 0.907
502 6.497e-07 7.179e-07 0.905
512 6.541e-07 7.244e-07 0.903
522 6.585e-07 7.308e-07 0.901
532 6.629e-07 7.371e-07 0.899
542 6.672e-07 7.432e-07 0.898
552 6.715e-07 7.491e-07 0.896
562 6.758e-07 7.549e-07 0.895
572 6.801e-07 7.606e-07 0.894
582 6.844e-07 7.660e-07 0.893
592 6.886e-07 7.714e-07 0.893
602 6.928e-07 7.766e-07 0.892
612 6.969e-07 7.817e-07 0.892
622 7.010e-07 7.866e-07 0.891
632 7.050e-07 7.914e-07 0.891
642 7.090e-07 7.961e-07 0.891
652 7.129e-07 8.007e-07 0.890
662 7.167e-07 8.051e-07 0.890
672 7.205e-07 8.094e-07 0.890
682 7.241e-07 8.136e-07 0.890
692 7.277e-07 8.176e-07 0.890
702 7.312e-07 8.216e-07 0.890
712 7.346e-07 8.254e-07 0.890
722 7.379e-07 8.291e-07 0.890
732 7.411e-07 8.327e-07 0.890
742 7.442e-07 8.362e-07 0.890
752 7.472e-07 8.396e-07 0.890
762 7.502e-07 8.429e-07 0.890
772 7.530e-07 8.461e-07 0.890
782 7.557e-07 8.491e-07 0.890
792 7.584e-07 8.521e-07 0.890
802 7.610e-07 8.550e-07 0.890
812 7.635e-07 8.578e-07 0.890
822 7.659e-07 8.605e-07 0.890
832 7.683e-07 8.630e-07 0.890
842 7.706e-07 8.655e-07 0.890
852 7.729e-07 8.680e-07 0.890
862 7.751e-07 8.703e-07 0.891
872 7.774e-07 8.725e-07 0.891
882 7.796e-07 8.746e-07 0.891
892 7.818e-07 8.767e-07 0.892
902 7.840e-07 8.787e-07 0.892
912 7.863e-07 8.806e-07 0.893
922 7.886e-07 8.824e-07 0.894
932 7.910e-07 8.841e-07 0.895
942 7.934e-07 8.858e-07 0.896
952 7.959e-07 8.874e-07 0.897
962 7.985e-07 8.889e-07 0.898
972 8.012e-07 8.903e-07 0.900
982 8.041e-07 8.917e-07 0.902
992 8.070e-07 8.929e-07 0.904
1002 8.101e-07 8.941e-07 0.906
1012 8.134e-07 8.953e-07 0.908
1022 8.167e-07 8.964e-07 0.911
1032 8.203e-07 8.974e-07 0.914
1042 8.239e-07 8.983e-07 0.917
1052 8.277e-07 8.992e-07 0.921
1062 8.316e-07 9.000e-07 0.924
1072 8.356e-07 9.007e-07 0.928
1082 8.397e-07 9.014e-07 0.932
1092 8.439e-07 9.021e-07 0.936
1102 8.481e-07 9.026e-07 0.940
1112 8.523e-07 9.031e-07 0.944
1122 8.565e-07 9.036e-07 0.948
1132 8.607e-07 9.040e-07 0.952
1142 8.648e-07 9.043e-07 0.956
1152 8.687e-07 9.046e-07 0.960
1162 8.725e-07 9.048e-07 0.964
1172 8.761e-07 9.050e-07 0.968
1182 8.796e-07 9.051e-07 0.972
1192 8.827e-07 9.052e-07 0.975
1202 8.857e-07 9.052e-07 0.978
1212 8.883e-07 9.051e-07 0.981
1222 8.907e-07 9.051e-07 0.984
1232 8.928e-07 9.049e-07 0.987
1242 8.947e-07 9.047e-07 0.989
1252 8.962e-07 9.045e-07 0.991
1262 8.975e-07 9.042e-07 0.992
1272 8.985e-07 9.039e-07 0.994
1282 8.992e-07 9.036e-07 0.995
1292 8.997e-07 9.032e-07 0.996
1302 9.001e-07 9.027e-07 0.997
1312 9.002e-07 9.022e-07 0.998
1322 9.002e-07 9.017e-07 0.998
1332 9.000e-07 9.011e-07 0.999
1342 8.997e-07 9.005e-07 0.999
1352 8.992e-07 8.998e-07 0.999
1362 8.987e-07 8.991e-07 1.000
1372 8.981e-07 8.984e-07 1.000
1382 8.974e-07 8.976e-07 1.000
1392 8.967e-07 8.968e-07 1.000
1402 8.959e-07 8.960e-07 1.000
1412 8.951e-07 8.951e-07 1.000
1422 8.942e-07 8.942e-07 1.000
1432 8.932e-07 8.932e-07 1.000
1442 8.923e-07 8.923e-07 1.000
1452 8.912e-07 8.913e-07 1.000
1462 8.902e-07 8.902e-07 1.000
1472 8.891e-07 8.891e-07 1.000
1482 8.880e-07 8.880e-07 1.000
1492 8.869e-07 8.869e-07 1.000
1502 8.857e-07 8.857e-07 1.000
1512 8.845e-07 8.845e-07 1.000
1522 8.833e-07 8.833e-07 1.000
1532 8.820e-07 8.820e-07 1.000
1542 8.807e-07 8.807e-07 1.000
1552 8.794e-07 8.794e-07 1.000
1562 8.781e-07 8.781e-07 1.000
1572 8.767e-07 8.767e-07 1.000
1582 8.753e-07 8.753e-07 1.000
1592 8.739e-07 8.739e-07 1.000
1602 8.724e-07 8.724e-07 1.000
1612 8.710e-07 8.710e-07 1.000
1622 8.695e-07 8.695e-07 1.000
1632 8.679e-07 8.679e-07 1.000
1642 8.664e-07 8.664e-07 1.000
1652 8.648e-07 8.648e-07 1.000
1662 8.632e-07 8.632e-07 1.000
1672 8.616e-07 8.616e-07 1.000
1682 8.600e-07 8.600e-07 1.000
1692 8.583e-07 8.583e-07 1.000
1702 8.567e-07 8.567e-07 1.000
1712 8.550e-07 8.550e-07 1.000
1722 8.533e-07 8.533e-07 1.000
1732 8.515e-07 8.515e-07 1.000
1742 8.498e-07 8.498e-07 1.000
1752 8.480e-07 8.480e-07 1.000
1762 8.462e-07 8.462e-07 1.000
1772 8.444e-07 8.444e-07 1.000
1782 8.426e-07 8.426e-07 1.000
1792 8.407e-07 8.407e-07 1.000
1802 8.389e-07 8.389e-07 1.000
1812 8.370e-07 8.370e-07 1.000
1822 8.351e-07 8.351e-07 1.000
1832 8.332e-07 8.332e-07 1.000
1842 8.313e-07 8.313e-07 1.000
1852 8.293e-07 8.293e-07 1.000
1862 8.274e-07 8.274e-07 1.000
1872 8.254e-07 8.254e-07 1.000
1882 8.234e-07 8.234e-07 1.000
1892 8.214e-07 8.214e-07 1.000
1902 8.194e-07 8.194e-07 1.000
1912 8.174e-07 8.174e-07 1.000
1922 8.154e-07 8.154e-07 1.000
1932 8.133e-07 8.133e-07 1.000
1942 8.113e-07 8.113e-07 1.000
1952 8.092e-07 8.092e-07 1.000
1962 8.071e-07 8.071e-07 1.000
1972 8.050e-07 8.050e-07 1.000
1982 8.029e-07 8.029e-07 1.000
1992 8.008e-07 8.008e-07 1.000
